20 5
area_bn:03404559n -0.07205926 0.055529486 -0.020329896 0.025523935 0.09535514
emphasise_bn:00082195v -0.06936584 -0.070023015 -0.014590194 -0.06397028 -0.04494053
field_bn:03879765n -0.07910402 0.09368589 0.062267482 0.09804577 -0.012743295
love_bn:03890965n -0.061298437 -0.04043859 -0.074701294 0.011209032 0.093364716
this_bn:00046516n -0.056641698 -0.0900072 0.092298076 0.025272615 -0.070822775
now_bn:00086520v -0.09423919 0.0767615 -0.07651325 0.052440453 -0.08206847
diplomatic_bn:00032201n 0.062303275 -0.06285573 -0.0744774 0.025009159 0.07339802
be_bn:00366939n -0.07090289 0.03983999 0.069451414 0.09816066 0.014754982
this_bn:02331129n -0.009082688 -0.015996192 0.046744738 0.09478098 0.06955151
_bn:00083051v 0.056873366 -0.07966441 0.07502729 -0.078166895 -0.06138834
mr_bn:00055346n 0.02644689 -0.0038169597 -0.07414066 0.016323162 -0.05412414
president_bn:00690841n -0.07860441 -0.08875377 -0.06013892 -0.015583946 -0.004234452
commissioner_bn:00021031n 0.015442881 0.0064428886 -0.087359615 -0.05852866 0.037454724
clear_bn:00099802a -0.031988353 -0.013500308 0.09290488 0.08605852 -0.039802708
applause_bn:00005053n 0.05151013 -0.049786236 -0.07672802 0.018806763 -0.029743096
sex_bn:00000703v 0.03728976 0.05696174 0.05798105 -0.034860145 0.03543126
state_bn:00023236n 0.052125644 0.08217433 0.070994884 -0.09033328 0.06772567
israel_bn:00047679n 0.09959731 0.025910404 -0.09171766 -0.08367275 0.041893277
live_bn:00087441v 0.0021472438 0.045754522 -0.053457577 -0.07220619 -0.09501152
safety_bn:00068799n -0.03260476 -0.089680105 0.03677636 0.049066912 -0.023581633
