20 5
area_bn:03404559n 0.0021173016 0.005537793 -0.046168502 0.09123486 0.054780494
emphasise_bn:00082195v 0.061165374 0.0644342 -0.018473 -0.013813844 -0.03682233
field_bn:03879765n 0.014133647 -0.08124433 0.086949125 -0.08773987 0.0026729272
love_bn:03890965n 0.018600594 -0.016483393 -0.08238926 0.01238066 -0.061332107
this_bn:00046516n -0.065228075 0.07638429 0.08308017 -0.056573506 0.04804494
now_bn:00086520v 0.056555077 -0.0011812258 0.08820865 0.0011184751 -0.021799926
diplomatic_bn:00032201n -0.006150922 -0.06720253 0.06323969 0.066901974 -0.010489036
be_bn:00366939n 0.02091871 -0.06754712 0.000780212 0.0021231486 0.0035352553
this_bn:02331129n 0.041776642 0.011622158 0.052472662 0.0011869767 -0.045343965
_bn:00083051v 0.07440685 -0.083585635 -0.004832146 0.04661209 0.012430897
mr_bn:00055346n -0.0839349 0.025980834 -0.071049824 -0.019467484 0.061813507
president_bn:00690841n 0.0137600405 -0.082915075 -0.053940237 0.008556294 -0.05078795
commissioner_bn:00021031n 0.047775526 0.06243385 0.08394202 -0.042211924 -0.011464539
clear_bn:00099802a -0.07633462 0.07578115 0.08808411 0.088465296 -0.06518759
applause_bn:00005053n -0.062123474 -0.049514867 -0.07256367 0.013010676 0.065152556
sex_bn:00000703v 0.07263221 0.025573097 0.005326599 -0.022076292 0.08556097
state_bn:00023236n 0.007650984 0.06829606 -0.033794157 -0.05919312 0.06890178
israel_bn:00047679n 0.08495073 0.089731604 0.062452164 -0.04320392 -0.01566159
live_bn:00087441v 0.087324 -0.08334365 -0.011900231 0.09572609 -0.050146773
safety_bn:00068799n 0.0023271537 -0.045973536 -0.09925579 -0.06700947 -0.03350699
